1 Иванов Иван Иванович 123456 5 5 5 5 5
2 Смирнов Алексей Владимирович 987654 4 4 4 4 4
3 Кузнецов Дмитрий Александрович 456789 3 3 3 3 1
4 Попов Сергей Николаевич 654321 2 2 2 2 2
5 Васильев Михаил Дмитриевич 789012 1 1 1 1 1
6 Соколов Виктор Алексеевич 241356 1 2 3 4 5
7 Михайлов Константин Иванович 987654 5 4 3 2 1
8 Соколов Андрей Васильевич 543210 3 2 1 4 5
9 Новиков Денис Павлович 678901 5 1 4 2 3
10 Федоров Сергей Михайлович 214365 3 2 4 1 5
11 Морозов Владислав Владимирович 789012 5 5 5 5 5
12 Волков Павел Викторович 543210 4 4 4 4 4
13 Алексеев Кирилл Денисович 876543 3 3 3 3 1
14 Лебедев Артем Алексеевич 321456 2 2 2 2 2
15 Семенов Максим Владимирович 654321 1 1 1 1 1